1000 9889
214 377
548 585
74 772
551 794
76 378
958 872
704 839
907 730
363 750
803 652
803 560
523 394
281 811
122 635
564 342
285 883
180 95
612 122
299 699
907 952
714 726
204 244
795 955
905 175
527 96
247 702
553 765
386 716
869 631
598 159
535 6
251 288
605 689
94 174
666 567
958 311
728 228
623 681
403 948
904 847
670 794
963 136
786 271
715 447
24 794
784 884
253 633
74 156
404 621
10 740
512 878
452 785
289 186
850 380
748 355
987 573
70 371
73 45
382 33
496 932
120 16
525 485
289 517
591 36
361 123
659 828
471 234
679 104
385 155
25 172
137 554
620 587
931 983
362 855
860 250
552 699
883 139
497 466
931 257
879 447
717 304
292 717
422 660
300 304
466 584
986 307
971 685
972 706
242 995
349 797
924 637
584 458
733 695
437 490
47 623
531 818
952 477
971 395
480 818
302 667
983 288
180 51
200 721
241 59
338 919
394 753
950 986
259 309
265 258
658 501
127 705
53 461
695 946
130 570
222 460
248 711
523 741
247 779
363 278
400 284
342 521
874 951
937 203
520 125
776 199
320 195
766 920
929 575
880 11
274 652
154 342
652 505
429 816
970 20
623 818
607 217
322 363
727 885
413 717
305 972
179 983
297 608
230 390
434 699
244 102
335 841
140 873
509 70
786 55
847 162
465 416
129 73
443 425
584 185
464 536
822 407
479 528
263 275
398 890
694 93
931 317
510 594
849 228
996 285
523 103
979 553
807 295
440 495
497 194
759 750
246 967
323 346
403 82
244 356
704 911
744 236
920 855
960 900
388 149
145 86
375 7
143 711
142 988
803 930
146 483
772 307
498 763
406 593
248 773
997 504
602 865
971 149
57 949
260 254
782 159
269 376
165 167
957 203
722 976
373 772
377 449
35 647
108 55
1 875
808 389
688 991
925 542
841 451
532 672
992 593
3 50
829 98
904 775
501 76
585 966
748 118
217 458
867 384
631 683
981 392
16 470
490 405
737 892
442 336
685 500
351 640
101 765
227 910
488 654
107 420
435 605
440 881
292 242
314 790
41 566
975 95
614 437
301 124
970 893
96 66
421 931
171 528
728 647
732 215
514 30
897 910
861 501
16 649
97 360
448 766
72 58
183 286
244 280
337 202
599 662
347 17
719 745
962 590
227 773
656 721
159 422
881 614
505 484
916 99
259 800
612 658
108 945
168 47
453 790
57 21
699 962
765 349
701 650
53 65
505 399
595 642
138 961
13 723
363 658
787 468
881 465
42 101
298 11
924 843
891 152
817 797
345 44
105 258
113 56
919 576
811 315
226 889
482 495
264 6
896 819
87 516
679 320
973 611
705 973
407 157
925 704
375 265
468 925
266 311
126 657
352 958
614 954
522 540
411 247
947 41
783 343
202 208
814 443
743 627
822 838
145 432
120 680
102 456
283 302
415 293
92 726
843 310
166 601
316 430
335 114
819 257
782 695
253 965
89 540
951 260
331 747
171 862
351 740
83 122
176 680
452 845
733 460
629 11
978 501
339 341
909 865
90 725
509 157
182 237
849 608
334 472
7 402
944 316
138 335
477 464
410 539
712 951
604 125
146 837
189 993
807 37
745 177
620 759
659 513
567 408
885 757
869 208
691 769
138 131
584 431
712 228
181 111
882 172
510 757
702 387
498 165
775 333
600 921
159 696
381 632
475 767
96 648
303 429
224 100
609 846
385 772
15 451
449 68
450 802
435 732
470 289
311 871
166 46
795 954
777 411
928 25
820 31
957 130
981 12
530 212
882 707
977 733
486 565
955 72
1 851
292 374
661 971
576 809
740 628
923 60
587 235
827 600
974 665
166 490
829 170
44 678
939 822
637 865
456 710
678 401
37 279
314 93
874 484
729 415
552 96
130 10
502 734
680 196
996 806
297 660
746 56
242 604
386 450
888 22
220 427
210 145
410 639
254 862
112 883
920 128
614 46
121 651
717 303
2 564
453 593
731 255
260 128
223 587
578 582
851 710
376 678
893 351
252 73
255 890
203 919
938 857
298 929
225 903
635 904
691 906
138 822
32 285
964 510
458 555
185 497
459 254
26 823
501 599
428 691
289 275
264 346
919 539
167 278
703 160
544 279
484 746
251 225
553 591
402 539
32 772
526 794
375 320
100 937
212 355
50 322
312 484
142 146
184 388
352 614
683 986
960 357
465 825
819 42
216 21
455 718
930 862
558 901
670 917
469 606
311 271
314 529
994 143
98 440
460 823
373 242
11 595
230 677
303 731
588 571
721 949
311 188
956 55
335 42
525 38
697 604
642 450
129 317
376 40
728 829
31 178
69 11
162 703
913 669
201 131
609 14
735 602
79 883
957 588
46 277
432 89
932 912
736 247
480 538
682 591
296 568
650 555
603 601
729 774
327 825
880 694
319 51
188 749
599 653
984 884
129 249
719 788
975 702
945 895
501 920
403 819
375 883
416 506
18 752
163 535
350 663
320 838
636 340
67 179
103 817
342 491
803 583
882 244
773 355
777 864
595 745
9 206
467 774
214 17
218 220
506 604
427 440
375 6
892 172
142 989
949 467
532 365
679 206
565 227
804 877
843 961
239 712
118 351
728 447
105 902
431 118
344 392
660 632
868 507
206 515
507 581
386 804
681 449
389 703
258 234
791 948
579 646
174 942
787 597
667 727
635 869
738 172
757 81
408 417
767 11
440 882
662 941
844 768
404 917
81 512
671 817
598 755
895 343
163 102
936 806
918 138
175 663
633 269
944 480
860 12
440 575
254 652
920 329
224 854
746 167
419 447
996 419
512 258
966 819
219 90
65 624
427 637
405 594
53 278
191 246
104 168
638 549
821 75
532 146
539 694
855 975
561 646
321 185
484 723
13 547
485 614
324 804
493 923
668 321
887 79
527 14
450 846
604 659
556 526
596 547
647 993
320 366
691 273
621 48
386 665
973 755
282 806
552 395
251 503
623 663
628 867
792 827
596 257
779 803
1000 958
749 285
161 860
680 828
735 990
978 577
207 273
624 73
842 16
628 513
340 629
540 335
727 847
606 984
24 990
277 308
260 678
871 492
748 377
343 567
738 291
480 31
513 415
785 402
549 457
508 268
576 313
689 254
376 207
799 113
15 902
390 692
146 819
788 646
594 181
499 11
193 920
323 985
252 553
242 795
315 685
79 444
870 409
530 988
464 176
962 595
465 137
121 863
834 210
342 960
629 767
446 692
357 284
418 368
61 520
725 609
962 373
357 365
531 792
388 223
861 523
9 6
337 753
985 317
542 267
66 64
783 103
930 505
517 55
528 963
868 707
640 654
19 315
203 54
890 356
874 801
506 109
776 45
958 309
728 230
431 159
472 420
382 619
992 683
735 941
903 849
151 44
562 341
340 91
35 559
731 794
871 60
1 696
377 218
43 344
88 355
130 408
666 326
940 617
869 220
40 194
966 163
729 414
583 271
476 137
808 719
850 378
832 913
260 666
358 173
128 1000
741 428
790 30
353 803
83 134
283 984
305 128
548 68
876 569
895 367
571 173
651 341
449 861
860 69
914 941
889 947
926 360
452 215
879 328
721 794
996 404
392 634
727 260
341 697
323 66
785 809
309 411
481 14
572 288
458 845
318 331
967 682
328 699
721 964
542 58
211 870
252 74
90 157
539 848
493 238
886 649
189 599
742 941
610 8
412 186
472 981
535 772
954 693
405 763
797 9
212 543
484 772
985 281
643 703
436 167
310 648
574 965
688 632
446 344
907 934
503 153
569 203
273 774
56 498
477 638
734 329
354 235
22 522
407 196
472 17
11 426
724 263
48 787
925 568
584 870
911 709
899 133
134 934
581 747
212 66
430 505
291 853
683 763
813 584
567 633
325 126
571 634
934 520
978 664
301 389
102 263
158 673
432 287
126 245
865 123
188 904
799 184
328 27
166 979
519 686
262 274
219 851
295 350
78 26
831 632
737 750
952 779
570 498
608 33
57 285
205 429
336 292
351 382
785 789
309 511
702 638
738 815
613 129
263 418
531 626
930 446
437 908
203 549
366 115
612 335
645 772
155 902
229 793
986 388
412 26
129 523
541 61
150 995
190 140
159 883
864 711
960 902
498 893
143 410
467 758
319 691
587 665
826 527
557 749
604 648
995 29
687 691
268 547
132 972
364 75
918 167
204 540
1000 267
852 848
249 253
822 888
235 958
161 951
400 137
878 548
762 69
433 343
587 178
397 347
695 693
316 388
999 129
452 708
605 266
951 290
398 678
202 495
455 485
188 846
486 943
32 674
896 695
163 408
349 509
867 608
7 283
921 15
824 985
225 426
862 677
98 558
102 110
802 912
141 546
803 22
951 113
448 349
645 978
426 620
443 326
29 513
310 234
833 959
116 813
478 972
444 868
858 538
803 439
272 701
864 167
464 213
33 288
107 883
897 223
94 859
132 572
439 592
544 916
228 133
195 468
569 327
320 675
375 199
375 116
433 981
341 196
15 7
91 933
809 626
42 99
545 24
240 296
756 800
351 12
249 462
735 170
369 869
316 868
344 101
142 216
770 641
259 412
388 312
464 974
489 353
535 752
531 326
667 440
207 355
154 285
451 821
724 889
36 857
273 377
4 511
801 675
567 560
662 876
45 806
891 548
474 784
629 408
903 419
989 623
248 189
749 975
491 232
75 736
22 489
797 813
589 651
292 871
810 996
101 497
319 398
327 883
736 176
112 762
349 739
405 177
828 840
944 397
708 446
357 168
430 604
270 753
200 109
127 562
183 380
165 861
907 96
391 787
412 408
945 406
755 106
149 301
728 34
9 474
319 253
121 862
33 460
148 830
295 68
412 589
865 292
764 859
824 416
682 962
810 623
636 413
980 920
52 254
532 192
290 695
669 258
281 808
29 218
661 533
475 622
204 96
962 399
557 407
768 453
501 403
752 511
933 774
455 454
661 759
630 496
703 364
305 537
967 43
530 549
866 218
98 176
661 495
647 853
523 843
378 928
416 717
382 616
364 147
824 378
576 811
978 915
761 353
597 971
549 936
142 470
311 293
336 223
912 205
988 463
308 873
738 226
386 15
461 585
447 906
653 75
505 381
288 725
267 353
675 380
748 350
822 765
490 122
73 466
571 319
75 652
542 748
779 266
569 850
244 152
236 921
55 119
136 836
7 496
465 441
29 600
672 809
172 551
76 725
521 800
577 876
732 8
493 508
93 706
958 606
903 75
694 116
475 910
572 528
332 781
663 971
618 306
534 604
276 836
759 519
63 28
161 12
695 459
149 907
475 684
460 56
975 875
47 616
71 672
935 41
939 170
885 922
501 597
446 462
577 939
489 937
200 724
330 623
368 310
739 777
170 500
298 193
375 429
89 252
92 110
604 677
330 766
429 762
726 112
412 456
772 120
443 546
984 254
838 745
808 428
791 829
633 729
965 762
287 984
960 406
785 29
880 157
608 263
957 917
97 133
739 338
540 257
942 405
689 31
16 493
805 163
678 435
40 483
573 199
97 246
917 714
392 987
203 2
359 227
380 133
871 132
50 998
896 458
589 595
241 813
203 737
738 603
171 582
923 759
211 713
805 743
883 251
811 630
595 175
633 480
409 750
564 806
769 30
402 545
511 805
280 125
854 571
70 822
786 699
180 734
627 111
811 788
205 61
426 314
638 813
531 629
767 651
368 997
111 183
792 71
441 927
688 168
228 113
323 351
848 972
850 596
337 687
640 442
548 787
511 627
916 287
111 405
43 989
599 160
568 204
930 463
114 298
460 258
680 688
835 470
473 185
695 866
838 299
973 636
826 423
338 777
654 932
284 231
503 493
142 253
700 575
847 952
424 482
153 676
317 105
781 339
505 249
420 886
494 835
876 47
523 926
737 663
40 161
961 173
959 748
377 32
602 555
783 530
329 133
455 573
683 742
813 683
563 956
58 152
508 893
335 713
979 172
334 991
359 182
362 214
645 831
758 856
872 791
136 833
727 651
748 754
658 212
1 325
936 808
903 348
962 824
375 749
391 8
177 388
820 612
390 448
564 907
754 398
551 703
399 434
970 602
954 71
686 374
194 624
659 742
931 333
200 193
609 379
279 917
216 855
161 234
319 41
726 527
802 85
986 502
586 748
962 367
659 309
878 171
806 388
134 257
229 909
322 97
753 259
716 401
313 354
173 906
246 704
555 347
365 615
470 280
925 138
300 970
706 10
263 837
307 237
218 464
520 474
114 673
795 832
834 230
800 58
804 530
951 861
346 572
921 794
79 518
613 602
688 483
51 97
1 884
991 477
539 244
93 216
390 838
601 435
993 397
895 817
752 1
862 74
828 238
649 997
449 271
581 482
709 701
302 253
50 106
844 576
409 137
247 643
179 995
168 368
577 756
980 247
488 749
193 451
951 438
511 495
352 108
157 653
549 503
384 343
3 495
928 916
943 707
106 70
793 46
885 464
281 322
504 373
479 708
480 750
44 39
686 402
998 160
102 885
73 625
76 400
78 194
465 143
52 473
507 238
56 924
368 990
976 797
684 230
851 559
284 756
485 341
53 49
540 549
655 788
397 516
128 263
293 755
276 903
351 333
557 530
940 414
628 849
850 250
951 454
977 898
904 311
744 915
415 817
365 178
493 893
41 260
191 458
595 104
961 68
355 245
900 219
752 335
970 282
878 643
41 38
959 582
783 436
246 232
992 540
67 385
829 167
577 438
724 451
173 451
301 270
953 550
714 249
152 904
923 351
875 70
912 204
1 483
718 528
166 715
157 736
932 350
896 624
988 238
71 714
187 73
633 233
966 701
846 359
828 310
372 234
194 662
653 445
140 720
145 878
721 655
645 647
179 468
529 512
414 2
684 420
372 392
465 90
998 332
357 92
530 830
305 497
656 264
438 311
556 110
622 411
489 765
110 239
627 3
96 585
280 256
337 817
324 713
199 463
769 332
458 711
848 451
998 569
801 83
800 152
911 3
255 581
88 922
920 750
541 2
483 70
434 446
436 336
934 499
131 482
703 306
30 936
783 234
19 345
810 180
120 518
554 155
715 113
992 730
717 547
305 661
842 702
260 971
431 188
374 313
201 981
266 261
63 851
500 327
909 115
36 993
364 406
917 600
775 526
633 939
45 877
315 43
802 539
490 95
845 599
202 683
214 260
154 339
373 386
283 934
793 117
236 615
561 497
250 814
489 46
589 200
716 859
384 142
884 161
479 655
244 256
979 971
569 591
720 557
245 922
124 349
569 696
555 509
838 482
741 474
851 630
210 402
659 427
16 743
471 345
254 603
536 478
561 957
102 543
820 926
73 875
582 932
637 769
596 820
541 117
928 358
583 734
273 855
290 623
956 588
407 260
997 484
640 63
969 815
473 184
908 702
165 497
552 859
810 168
584 821
173 348
696 335
839 88
792 802
143 195
501 108
107 237
549 926
95 324
65 952
672 295
642 908
791 38
390 901
853 729
47 278
395 785
362 324
490 401
171 250
785 282
148 558
823 285
45 994
503 33
97 499
206 143
816 335
876 343
257 99
116 184
903 236
120 187
543 133
234 207
79 421
486 489
343 733
937 911
70 383
115 497
646 361
466 637
655 541
927 792
696 610
234 841
661 172
186 268
261 350
318 257
688 447
51 646
786 559
381 511
573 993
116 636
121 930
25 398
103 854
129 533
562 777
280 487
686 819
856 902
826 446
716 601
597 497
838 901
824 83
200 749
77 601
173 794
834 116
670 502
697 308
769 967
207 591
143 643
535 669
593 532
153 647
356 758
547 838
322 546
674 719
400 344
273 238
169 973
957 92
580 905
463 791
164 144
297 369
317 878
781 31
629 880
683 709
64 435
905 707
908 230
987 679
552 136
145 726
97 61
26 115
652 823
192 279
535 182
515 530
67 379
894 165
969 242
657 911
811 659
998 71
839 419
585 34
254 215
182 144
120 215
713 326
698 242
650 369
546 318
584 245
979 811
185 142
385 348
298 663
544 835
307 671
129 855
39 236
320 786
244 972
771 624
18 425
592 846
189 560
336 12
375 165
232 77
68 723
911 185
548 709
770 274
612 400
912 980
990 557
773 201
59 857
687 535
212 410
298 755
485 647
311 867
297 988
338 831
744 966
252 741
715 199
255 646
757 935
437 597
757 576
298 269
887 477
322 407
201 734
347 840
539 290
722 916
502 148
821 608
201 687
991 304
170 594
923 48
706 672
815 6
162 834
731 799
760 772
899 59
24 799
991 321
559 252
61 284
45 759
670 942
320 241
516 304
22 169
449 563
79 936
582 49
412 985
933 12
888 316
64 270
102 202
174 199
542 161
917 253
567 820
179 623
993 135
794 80
580 417
733 93
201 372
2 895
811 767
496 808
150 303
278 720
335 993
548 214
181 395
737 267
906 872
64 603
200 352
512 687
309 2
953 467
699 179
120 354
855 460
205 795
935 372
537 189
725 800
798 52
525 932
103 696
396 792
988 706
313 78
42 372
530 737
823 560
699 526
369 487
367 884
117 833
650 198
263 601
731 401
90 11
330 538
954 688
919 678
863 529
142 965
539 871
40 651
77 656
5 435
668 277
924 143
800 901
868 380
247 145
783 245
566 751
558 687
133 416
27 165
965 599
964 958
109 801
862 225
437 986
352 634
724 258
13 219
985 218
625 323
53 746
825 964
316 12
944 813
26 996
775 433
984 30
19 679
494 903
376 334
118 700
805 161
473 648
610 475
258 36
5 809
249 945
250 474
254 418
801 770
499 313
597 688
690 498
641 670
617 616
121 179
547 212
234 89
417 495
490 239
612 822
890 273
6 891
577 989
941 84
980 526
884 162
388 719
842 245
860 756
656 199
181 272
629 914
152 10
524 290
536 870
507 334
453 684
239 127
479 940
49 500
802 79
125 868
16 728
971 588
627 30
793 432
885 858
890 884
642 727
440 99
424 936
351 375
835 186
692 429
170 71
887 246
859 538
454 919
181 837
887 103
446 379
858 776
716 77
995 30
464 598
13 797
251 382
571 991
290 846
828 279
97 596
961 3
101 244
69 518
658 101
697 761
277 713
443 689
28 365
32 872
141 10
325 829
648 418
141 155
804 301
178 447
468 828
828 187
41 799
867 391
64 424
600 10
37 299
849 861
151 311
541 843
158 625
567 975
969 68
148 559
115 948
577 671
839 442
732 829
71 653
574 914
46 666
266 865
533 865
913 526
711 202
299 618
241 600
232 397
988 868
113 614
957 769
663 924
45 421
138 25
536 522
285 470
233 925
180 700
846 509
826 234
653 690
868 865
372 624
211 946
712 205
569 324
412 352
901 269
78 390
836 342
655 818
103 849
18 469
626 190
823 632
937 569
223 284
761 925
65 918
906 356
47 546
470 431
457 345
795 548
777 17
725 683
337 538
781 713
559 903
165 356
1000 540
907 995
326 313
436 265
703 373
398 837
477 724
765 942
624 879
970 375
807 310
890 46
892 186
253 405
921 570
994 192
652 446
382 813
679 643
580 680
301 441
841 220
605 363
738 332
900 579
114 979
444 455
1 310
917 256
790 118
712 734
489 203
664 609
866 603
685 245
867 750
82 74
673 725
525 332
448 672
750 997
785 551
695 60
589 537
434 713
867 895
229 410
980 582
710 731
604 122
141 724
116 780
634 961
104 716
693 444
931 363
94 939
681 880
64 798
289 959
823 702
247 333
149 411
104 997
798 104
18 422
626 851
608 458
976 174
603 477
742 901
157 17
821 58
25 647
668 570
311 973
6 433
961 312
446 416
730 247
749 185
525 245
131 392
167 510
925 270
543 867
360 560
715 198
437 596
683 868
80 447
49 896
377 275
92 994
610 867
402 348
791 794
4 184
706 270
191 682
361 775
530 96
70 937
718 965
65 929
429 966
602 638
568 706
519 893
454 342
331 427
500 156
802 642
343 614
62 886
515 123
18 577
455 916
794 46
260 646
106 134
549 280
965 232
771 931
367 322
295 545
888 27
410 457
253 183
435 950
718 585
836 234
655 694
997 377
458 912
935 742
594 36
354 833
45 348
784 468
523 113
119 496
873 244
466 578
413 73
162 203
208 149
920 655
212 837
824 447
358 104
334 443
312 147
220 996
631 458
109 476
790 967
298 61
638 609
217 907
34 723
53 309
365 3
173 976
228 269
907 986
285 962
997 458
958 507
526 799
695 904
460 511
172 484
762 843
303 19
434 158
778 935
486 714
178 155
458 123
810 468
314 538
718 707
371 468
483 883
378 532
269 867
295 743
421 568
66 815
803 208
325 412
898 228
388 422
431 101
980 408
193 826
858 736
585 104
913 545
326 638
37 761
885 485
813 8
262 278
600 619
215 274
327 212
491 714
93 690
975 276
318 521
279 797
512 652
197 628
55 378
426 406
190 455
530 800
151 874
609 717
789 4
385 605
651 928
284 655
466 550
711 752
750 366
442 811
829 869
635 570
502 631
319 903
525 856
879 191
437 456
592 82
975 840
299 475
137 4
967 936
961 375
997 401
982 47
711 423
473 13
971 314
260 85
423 907
872 197
946 628
782 246
324 860
181 757
772 456
749 18
52 838
769 874
807 480
94 217
605 755
218 541
790 559
296 191
98 119
64 139
529 471
857 962
969 664
544 244
377 37
555 731
307 334
149 639
316 384
69 200
896 796
400 939
232 874
196 717
490 46
735 532
614 431
860 302
727 644
563 863
876 494
589 739
721 555
421 941
816 321
979 911
484 471
301 135
259 807
831 523
297 864
48 170
836 147
763 917
430 580
936 585
667 683
997 864
300 464
766 167
56 532
237 883
23 465
9 307
906 3
52 536
686 710
720 184
901 413
578 314
426 63
906 357
526 522
765 712
824 230
826 444
118 402
122 977
765 697
716 483
540 785
902 904
85 188
624 642
756 851
562 561
69 616
711 169
235 880
8 665
914 77
642 734
882 729
297 85
579 587
943 426
394 917
848 439
437 785
649 921
504 210
49 581
340 76
32 885
127 132
482 813
965 832
888 768
895 131
532 817
594 618
978 348
311 201
620 809
801 897
917 271
232 725
286 310
24 705
166 908
867 785
462 23
33 629
8 853
135 100
881 986
113 652
845 895
349 528
101 592
512 372
604 234
257 367
483 403
391 668
195 39
788 80
699 887
976 784
594 355
617 2
622 365
151 641
526 631
432 561
939 66
523 387
417 153
584 691
12 900
768 298
74 993
130 783
256 638
152 575
811 475
263 789
956 630
169 860
914 30
648 142
11 953
268 743
568 485
630 359
188 462
726 842
231 488
105 940
292 380
916 790
449 17
198 2
558 762
376 308
714 228
61 395
547 476
492 209
123 413
903 387
64 256
936 852
206 346
154 817
373 427
656 83
654 706
676 926
325 328
225 364
279 651
854 817
283 844
340 907
90 546
845 914
831 579
690 641
585 429
417 291
698 148
920 134
923 781
121 653
693 415
698 7
202 886
376 573
896 46
636 334
998 429
216 641
415 600
699 512
427 861
43 100
760 530
483 365
601 530
178 709
161 497
806 451
699 625
132 278
317 270
707 410
817 718
747 909
427 638
237 55
644 393
976 425
522 877
436 728
30 540
215 512
354 58
208 722
991 112
204 870
719 799
303 18
340 249
763 366
781 323
89 275
507 556
496 315
259 105
724 371
446 921
910 960
616 683
453 52
550 354
790 221
352 457
761 99
67 974
638 443
953 817
682 611
439 22
831 816
707 766
122 334
438 170
520 527
852 364
563 755
768 537
400 765
956 386
355 665
366 173
640 190
451 218
847 700
504 807
23 682
71 264
581 908
569 588
53 781
695 148
110 428
2 611
422 600
405 870
466 916
62 560
147 275
833 752
997 45
279 994
105 381
747 698
408 712
589 144
885 856
744 324
502 628
980 972
509 628
113 811
590 263
960 876
178 745
160 868
582 923
986 48
180 111
275 149
4 829
223 331
1000 396
553 540
990 747
556 948
855 903
753 69
429 730
636 790
472 67
970 462
728 308
654 92
550 93
936 321
535 747
592 483
904 604
994 75
667 467
904 959
852 861
644 408
162 793
516 212
922 783
101 772
933 397
360 250
593 856
601 373
322 878
325 93
932 203
40 451
981 663
666 443
559 436
27 719
236 575
130 204
115 950
776 550
248 21
272 261
114 441
220 75
125 577
991 617
742 448
409 940
581 78
943 555
620 996
159 957
624 495
936 955
884 17
940 995
771 211
444 754
673 696
853 794
936 586
758 745
693 422
31 323
244 207
238 381
954 50
495 406
6 135
299 139
618 487
176 350
161 238
414 232
676 539
994 575
262 940
449 683
552 920
517 938
574 725
315 978
9 131
760 586
393 141
602 181
878 30
627 282
366 606
169 982
320 582
69 821
160 255
731 328
915 385
41 300
795 983
118 258
321 44
618 904
584 630
144 547
752 456
441 635
198 261
454 147
4 198
632 977
834 277
326 473
457 286
330 20
313 802
156 696
930 915
515 867
274 719
666 765
829 159
537 181
814 301
762 98
253 621
514 441
272 52
258 123
339 124
698 701
515 1
18 603
850 400
121 180
339 237
958 32
551 422
707 694
871 123
287 26
477 693
20 647
595 13
214 693
859 640
789 181
719 948
578 808
560 867
194 545
681 953
913 266
451 146
380 788
876 753
806 792
697 744
217 133
121 752
140 526
481 744
794 575
924 738
252 205
345 597
471 429
919 953
668 767
467 998
98 128
780 717
450 232
160 660
569 358
259 914
340 770
835 231
512 2
418 509
494 336
635 850
907 547
711 473
214 83
405 815
130 780
773 54
541 58
75 322
485 644
35 921
380 446
494 673
243 878
468 841
142 14
147 884
739 206
961 88
190 826
619 612
838 646
964 837
951 957
273 62
769 849
791 788
204 978
31 643
213 876
929 320
737 610
990 108
117 448
30 839
636 572
50 443
123 595
500 367
671 576
999 887
867 449
763 528
124 770
183 923
663 429
296 805
636 556
430 816
822 758
590 594
554 684
224 71
797 458
779 257
211 323
90 786
988 153
507 736
900 839
427 747
555 759
404 169
634 624
488 890
788 279
746 566
720 581
846 5
168 684
388 613
483 545
357 827
444 920
108 865
57 485
684 198
124 27
612 288
693 33
640 467
289 187
419 808
593 405
21 612
579 198
436 937
644 394
117 608
668 272
393 342
828 109
665 802
643 908
28 102
928 60
492 27
442 768
703 399
65 495
800 102
236 16
936 358
863 181
302 351
140 334
516 241
934 800
226 141
52 561
330 191
792 1000
761 241
745 788
451 641
727 401
351 660
283 668
710 101
895 43
642 477
310 375
993 55
334 377
211 494
547 328
292 853
431 696
226 426
261 674
867 731
619 426
766 431
219 824
36 338
534 49
546 653
572 888
489 18
72 6
471 134
823 941
633 491
268 139
305 384
682 722
257 293
629 927
166 789
569 700
806 691
717 460
681 846
719 642
975 564
320 814
318 361
52 413
713 637
185 52
367 804
304 429
164 966
503 85
33 233
42 393
332 453
692 451
535 919
882 977
441 749
202 713
69 737
52 977
588 3
403 681
545 848
9 691
636 902
585 748
433 623
730 463
52 759
218 539
516 70
117 279
265 618
657 152
669 529
411 257
692 950
252 713
957 278
316 386
335 102
430 142
178 415
791 147
615 879
368 470
968 421
395 866
737 997
372 8
211 394
287 33
913 626
326 969
534 98
996 741
525 293
339 302
714 588
976 592
970 756
510 261
340 972
162 444
509 979
275 647
367 501
295 376
685 944
586 567
304 835
524 449
29 829
659 602
346 163
493 336
21 329
594 381
975 520
641 212
672 72
918 696
427 255
265 232
963 961
622 198
273 533
903 833
220 942
96 740
170 151
647 683
464 376
686 823
125 703
751 791
865 972
204 122
730 30
350 807
299 743
283 250
359 559
899 916
152 963
924 97
374 40
854 230
430 374
770 667
117 378
243 947
908 557
476 495
611 124
246 129
1000 596
981 338
252 786
491 42
387 503
540 215
64 24
218 785
921 424
478 455
460 886
925 796
50 246
179 998
128 660
315 556
681 296
413 690
688 2
197 246
399 846
771 827
594 906
222 603
426 808
872 888
353 158
932 462
935 921
744 463
799 126
291 431
612 969
484 74
851 359
524 135
600 549
297 265
931 364
35 502
73 628
699 792
383 787
702 681
564 650
727 238
966 790
915 992
691 777
817 454
820 931
132 429
298 949
82 540
946 841
51 535
548 705
43 907
483 192
821 411
806 308
592 96
773 53
830 446
332 674
640 278
75 395
39 300
18 988
625 121
865 714
999 515
268 737
584 994
725 31
981 133
361 772
268 368
714 768
640 931
630 148
796 830
818 802
106 592
681 106
511 219
518 855
580 888
980 50
84 111
454 837
123 963
767 490
459 288
901 409
634 445
616 704
980 161
770 164
948 647
58 753
323 490
451 450
503 901
27 551
926 689
197 891
89 866
186 140
3 462
888 600
779 401
668 829
158 878
896 403
864 7
336 672
357 246
513 158
527 350
592 625
529 843
651 398
667 661
45 345
768 972
359 154
219 106
845 242
234 889
85 993
634 851
284 678
214 291
824 467
744 362
564 541
911 360
972 842
593 123
981 796
759 690
635 896
215 828
455 110
919 674
707 412
860 678
809 588
61 775
65 204
467 592
340 40
397 261
860 853
460 363
28 103
69 669
677 350
274 483
866 265
848 772
577 218
777 264
691 334
605 748
182 839
74 372
916 837
874 671
513 466
892 580
883 871
442 611
870 675
118 900
14 707
808 176
867 778
663 210
97 159
671 551
47 377
287 302
14 626
808 95
495 164
979 150
619 143
698 626
326 851
903 253
850 345
745 565
490 88
986 653
696 56
115 845
850 232
339 277
349 692
667 595
873 298
546 384
448 747
513 323
620 529
6 782
813 150
318 524
944 75
484 284
72 406
716 935
38 703
64 608
758 556
686 463
401 721
276 247
557 290
915 758
9 276
907 319
105 96
850 4
882 157
665 705
918 669
171 120
800 616
618 675
581 573
312 178
294 326
78 473
794 790
137 9
90 491
572 458
256 393
555 514
227 142
265 429
657 595
325 741
696 903
308 469
915 103
531 269
646 277
4 174
43 864
445 204
742 674
621 435
749 126
276 666
856 380
696 229
745 144
899 968
60 340
99 166
268 681
514 689
361 159
692 768
767 332
736 752
739 487
478 345
597 909
710 164
602 565
126 431
861 776
761 333
644 818
410 72
378 708
382 132
649 685
945 326
547 406
417 685
70 289
396 633
220 675
687 466
427 36
490 188
418 817
416 552
222 527
850 204
690 357
727 241
603 524
90 617
804 237
642 192
59 958
576 324
940 989
393 614
604 402
487 558
291 259
738 744
228 942
341 649
699 255
495 400
157 231
985 926
306 975
54 145
243 145
684 248
467 71
380 71
164 916
421 61
167 99
457 268
251 978
324 526
553 860
14 696
509 534
95 717
939 91
243 630
890 519
872 6
468 593
541 84
817 788
765 694
136 609
554 449
592 20
39 267
619 749
48 934
890 336
435 38
73 845
809 789
312 795
496 8
658 50
277 888
169 7
207 507
8 131
709 901
412 701
1 846
94 75
562 681
890 42
602 614
89 329
180 656
460 736
871 262
265 790
897 549
2 195
830 569
376 394
726 638
788 825
615 914
690 39
72 786
509 291
736 361
922 178
301 87
168 246
141 962
608 898
606 653
132 874
667 539
889 927
616 675
231 760
750 600
842 559
770 256
901 570
585 263
733 903
854 613
512 486
54 381
630 924
526 715
564 570
980 919
13 561
751 84
521 457
25 538
389 25
786 927
626 222
406 820
171 209
618 522
623 255
671 797
366 268
574 977
960 965
632 674
482 281
209 567
431 464
785 465
381 849
238 970
176 982
389 844
981 930
104 426
812 258
333 863
264 186
763 214
140 469
669 934
506 117
791 573
472 61
91 725
630 378
73 765
490 673
680 881
662 545
347 199
826 915
361 417
9 603
691 19
675 950
892 656
201 803
183 759
684 824
459 631
844 610
850 483
339 26
50 155
966 405
168 338
852 484
265 755
527 716
788 588
700 144
900 946
334 402
413 513
894 202
625 887
940 790
266 805
604 427
16 836
200 33
509 41
861 308
630 578
628 33
499 239
229 442
876 727
327 989
368 786
718 214
392 610
822 48
181 168
682 655
367 157
439 608
426 321
651 952
910 919
570 56
78 339
601 742
138 172
213 145
632 957
789 35
585 344
411 733
748 674
203 799
133 120
651 759
138 910
431 263
660 783
184 192
23 751
100 892
742 647
636 158
199 120
276 119
647 912
192 714
155 510
411 104
985 3
507 963
91 640
455 419
60 433
830 181
366 812
355 279
818 741
13 837
758 395
279 6
271 721
486 718
195 783
948 471
587 49
753 777
499 625
735 934
249 90
942 739
827 321
554 989
494 904
540 280
784 842
767 393
330 268
724 92
27 740
791 254
210 953
780 109
376 549
808 259
914 743
391 29
984 607
659 632
241 806
573 531
560 862
92 219
103 501
505 862
676 659
56 636
419 394
974 88
595 805
635 720
393 811
600 653
86 680
50 230
932 628
517 546
333 449
246 930
621 622
858 288
350 686
110 141
691 832
211 778
450 46
640 2
94 641
518 39
446 2
123 243
345 173
772 662
510 901
186 967
482 366
613 55
184 220
132 711
657 995
753 122
493 831
991 192
938 988
146 495
743 867
468 899
605 862
472 70
813 881
389 533
726 774
268 682
341 364
740 678
279 42
544 153
156 855
144 887
108 184
473 973
165 911
538 427
464 428
802 99
514 464
224 436
317 949
301 336
644 233
912 42
306 313
783 825
988 317
111 574
783 729
258 436
496 919
742 372
50 474
715 556
844 135
183 114
331 807
998 93
926 654
534 467
901 948
82 498
339 417
24 391
578 882
206 947
867 983
286 11
159 283
172 516
807 415
537 207
132 661
835 348
579 324
358 681
609 749
792 59
863 303
526 748
413 13
255 852
971 623
310 959
441 956
546 732
834 829
860 697
329 931
147 14
369 418
584 737
460 127
284 397
33 139
417 528
227 861
404 855
133 176
356 271
752 636
748 904
30 603
623 440
809 788
256 692
856 345
174 339
19 636
401 26
845 523
530 261
83 712
501 217
276 378
878 601
58 790
293 237
447 724
304 698
731 777
239 826
684 853
139 584
1000 822
35 395
606 54
993 403
818 30
817 896
892 851
498 553
10 582
600 154
174 173
893 555
107 378
438 230
258 408
433 329
973 35
672 918
125 370
457 808
702 994
495 864
500 970
283 400
972 228
470 597
924 106
629 819
981 119
163 175
803 458
56 581
935 761
457 522
577 777
263 316
671 195
603 265
570 434
823 772
737 451
745 72
121 870
54 73
604 149
676 570
769 456
163 585
147 332
497 823
778 22
262 911
696 755
109 354
570 148
704 850
262 798
394 494
678 662
788 178
368 691
939 70
668 408
172 559
319 808
512 180
199 262
27 347
424 756
228 278
268 957
52 996
783 939
830 873
752 338
43 683
48 835
53 510
274 509
717 935
425 127
563 257
875 499
678 136
225 619
147 742
499 999
316 247
9 713
804 652
815 186
592 430
154 377
942 278
374 468
636 575
657 102
398 580
848 727
239 83
287 308
568 694
18 555
684 968
704 54
761 75
988 374
555 957
257 786
240 758
214 498
98 652
366 132
796 589
214 778
31 192
948 816
809 494
408 273
948 935
864 426
850 149
617 678
307 755
793 19
23 642
855 341
413 802
859 798
567 65
418 88
811 915
647 41
315 704
723 319
745 155
128 45
34 923
458 895
314 507
777 993
336 95
134 166
457 945
360 85
199 452
474 197
521 484
575 185
760 534
579 58
281 867
428 534
67 211
697 43
772 691
366 446
80 227
498 846
686 877
356 368
817 706
217 910
294 277
792 384
830 88
265 256
48 912
88 669
364 425
971 226
169 188
446 720
123 421
94 230
776 99
133 426
27 187
261 937
838 737
921 731
134 780
49 560
946 318
910 157
952 915
256 922
591 747
944 803
563 59
774 923
960 133
260 577
616 687
362 363
35 323
698 641
496 555
504 248
607 480
69 451
863 652
71 987
580 636
887 912
853 544
20 715
41 592
775 805
62 958
656 435
325 296
163 197
76 866
21 239
671 101
626 720
534 423
205 467
760 118
177 370
31 363
471 112
632 176
264 586
686 461
724 640
546 693
868 843
996 256
7 771
552 928
517 946
789 829
294 501
849 98
264 680
506 647
270 322
164 961
174 229
664 393
901 420
596 972
354 563
155 526
800 729
229 913
838 769
158 407
845 327
367 519
703 121
65 829
284 473
711 418
604 530
179 703
995 183
905 131
725 258
449 15
922 240
496 238
350 217
117 754
616 207
789 82
838 690
285 594
165 172
477 714
829 405
173 721
853 920
88 919
220 14
691 477
361 962
235 937
531 389
944 975
211 192
529 91
782 823
904 187
255 11
224 437
228 513
227 554
466 270
174 39
605 257
457 209
791 172
267 336
550 541
58 695
813 325
300 792
672 907
269 343
345 897
107 302
901 802
478 667
957 143
965 171
234 167
24 281
858 624
417 382
930 684
111 908
186 53
974 210
595 851
472 384
675 235
492 869
733 929
233 91
299 143
559 869
525 917
641 184
772 966
366 165
668 663
924 521
855 99
164 918
436 386
994 965
295 40
545 309
85 500
471 747
20 257
630 848
556 851
498 775
983 268
622 180
697 99
612 74
644 52
32 462
255 538
610 631
848 160
189 376
445 238
174 532
584 634
398 220
331 203
153 285
61 958
247 855
618 857
865 540
939 537
339 693
731 923
882 549
153 569
795 102
891 721
840 861
527 935
434 120
369 719
705 149
373 15
614 772
912 329
272 765
913 928
418 542
326 255
165 819
94 470
461 604
499 729
596 233
748 476
452 801
93 49
761 31
83 7
637 83
823 323
173 10
189 50
470 692
495 867
166 897
206 242
249 589
819 601
567 207
219 869
202 637
667 541
340 995
348 310
974 102
760 942
119 629
335 552
873 113
927 852
451 39
471 56
953 297
916 155
592 657
523 75
963 128
942 304
401 671
422 759
108 211
152 503
719 600
546 27
53 57
163 729
96 532
280 347
891 339
947 549
949 127
972 944
868 97
268 815
87 479
713 788
340 481
38 129
275 209
792 421
591 863
605 995
52 997
659 55
670 89
647 942
104 428
602 439
466 683
344 475
554 50
113 162
298 500
778 570
360 581
549 893
507 918
727 295
489 602
41 46
919 351
208 521
710 448
692 843
674 746
554 852
796 825
782 892
108 129
623 802
666 859
944 919
783 594
418 546
349 26
296 922
434 824
624 235
793 839
979 108
455 803
884 951
225 246
408 274
580 424
603 985
112 486
295 479
888 33
512 567
253 177
833 443
167 737
647 155
6 801
285 374
894 426
200 178
720 569
992 446
208 365
760 970
297 972
525 588
732 432
76 428
348 393
104 957
980 838
730 657
162 197
290 270
54 351
725 922
601 740
466 719
532 126
510 796
775 426
946 872
123 233
831 501
362 100
843 752
237 161
844 143
682 830
534 951
504 656
795 629
299 258
47 992
371 235
640 326
9 953
526 886
449 34
2 87
551 481
330 743
264 630
574 66
540 854
173 859
826 243
873 715
565 261
344 439
456 849
41 505
829 368
558 694
578 176
541 316
709 970
820 373
70 892
92 988
599 590
863 177
739 127
5 751
877 678
66 975
881 451
885 307
269 42
623 721
771 440
117 416
2 843
908 839
896 903
587 128
393 571
131 934
518 822
408 545
925 848
250 370
268 117
876 226
970 107
308 854
383 434
153 787
528 321
582 20
37 385
745 360
413 626
654 560
90 737
704 438
948 789
533 929
715 514
510 130
130 148
368 503
609 116
183 153
149 25
219 89
410 513
634 545
33 560
110 454
625 994
883 194
332 580
59 772
298 564
372 325
730 595
54 25
366 799
441 196
357 120
638 971
125 140
641 83
552 530
864 772
765 932
617 76
62 256
292 557
604 862
733 638
55 534
850 982
86 904
802 441
786 594
270 323
843 527
825 8
788 132
419 891
699 160
606 873
355 889
122 596
484 851
378 442
592 924
316 628
962 34
15 90
952 116
807 452
220 290
431 394
434 346
385 275
221 546
900 131
886 828
902 561
730 344
700 560
499 817
227 510
601 45
360 669
844 375
293 247
131 228
444 101
999 981
47 56
984 82
625 352
74 486
239 800
153 973
795 10
779 897
706 328
175 356
491 211
352 379
624 436
558 622
69 178
568 623
435 568
255 155
410 633
168 157
121 163
620 195
916 822
771 195
791 284
232 767
345 896
842 340
166 922
225 318
922 204
816 327
935 582
276 449
416 571
558 475
780 881
499 599
291 260
55 295
560 203
153 299
300 462
727 337
487 952
977 502
290 259
108 790
324 363
271 876
219 87
315 921
100 498
392 395
798 119
530 657
652 422
18 445
660 124
517 917
629 657
480 936
91 782
650 153
389 477
484 887
983 271
731 478
918 460
933 566
56 86
165 412
260 416
978 731
807 946
421 243
592 886
47 264
602 464
372 736
994 997
950 926
972 194
666 949
209 746
6 751
302 441
60 379
425 914
777 325
173 564
65 427
655 364
261 503
363 202
424 928
952 989
866 191
249 167
502 307
718 867
999 846
156 548
93 159
115 635
596 234
727 832
639 180
285 141
147 49
583 429
567 808
988 259
680 212
679 926
187 36
962 994
45 62
286 312
917 378
186 244
98 968
542 521
893 779
328 93
515 435
999 462
150 394
614 175
582 393
15 568
343 415
825 644
456 225
480 743
437 349
797 758
820 649
803 349
83 60
517 655
402 606
428 270
357 432
677 913
641 155
401 670
898 746
777 971
930 692
415 647
121 981
985 616
933 712
823 548
544 569
375 189
468 513
565 925
345 378
588 274
241 185
722 584
890 550
446 472
488 366
87 478
597 512
241 10
904 288
557 666
477 332
906 402
230 107
346 793
750 245
735 355
866 398
369 174
441 553
835 409
786 207
290 798
386 705
683 861
174 672
946 393
990 966
408 808
481 310
959 585
636 970
430 377
878 635
19 546
78 821
22 822
574 483
260 623
101 839
192 173
804 364
785 564
112 340
365 894
371 449
867 452
219 784
415 402
736 166
349 394
447 525
619 52
656 58
359 241
306 511
737 33
295 585
715 240
542 730
173 109
728 732
28 903
413 911
876 579
699 90
770 672
690 699
968 41
198 486
826 75
292 611
59 872
103 547
256 20
941 667
588 948
739 557
475 777
313 86
726 450
345 293
181 87
185 396
760 536
100 25
66 409
949 82
405 796
56 159
95 774
977 873
246 662
252 291
618 89
228 308
713 896
697 267
660 761
665 805
122 130
319 556
9 716
199 10
478 71
8 207
381 173
818 736
965 607
752 356
880 425
959 621
84 169
359 337
170 178
38 366
166 435
758 57
562 364
523 587
670 867
982 561
753 671
313 974
830 613
157 953
982 928
219 736
226 488
747 86
452 890
988 340
917 720
240 532
280 651
338 129
658 588
611 628
7 441
515 864
84 732
12 337
609 395
97 351
6 883
376 786
984 977
291 363
737 303
999 821
484 280
729 899
966 944
146 897
502 246
690 558
285 458
342 261
548 464
146 635
314 298
343 165
42 336
314 413
786 595
494 45
328 593
850 586
711 527
986 58
713 834
965 811
778 270
262 631
670 368
235 623
671 535
829 689
132 135
977 998
601 786
446 798
568 69
678 958
316 859
799 926
198 275
851 273
398 311
201 89
454 261
296 166
705 30
482 145
55 900
577 452
191 888
676 280
257 255
421 739
779 529
725 544
250 407
303 643
126 290
678 469
97 40
794 254
244 169
260 694
493 784
357 630
158 633
36 157
440 894
707 704
638 296
470 686
179 687
71 645
292 886
370 594
25 85
872 912
284 806
547 248
345 816
876 628
741 690
478 808
564 925
750 576
262 668
236 874
276 433
298 553
758 739
580 135
450 508
132 656
831 278
929 145
355 967
413 153
986 333
369 325
497 776
149 399
725 992
885 622
401 312
290 311
190 196
156 300
798 903
129 713
2 389
976 73
960 846
760 592
299 316
621 369
571 353
38 155
216 356
777 25
928 155
178 534
126 928
471 971
350 846
919 599
482 480
156 97
673 500
857 148
443 521
736 963
308 804
113 132
259 376
759 5
212 312
252 585
950 782
792 664
260 854
325 654
627 860
888 988
562 677
984 47
258 744
847 644
204 650
351 565
743 503
636 645
984 478
715 286
607 260
420 114
883 288
247 661
140 113
912 218
607 405
900 704
26 120
541 807
671 648
656 223
675 333
13 334
481 670
70 257
499 505
541 144
706 793
895 383
71 873
849 595
408 167
522 467
340 638
422 53
310 82
629 816
724 996
798 295
608 351
803 35
140 693
492 820
537 63
78 89
408 69
281 505
272 553
875 545
694 103
310 892
244 304
663 952
975 634
725 787
108 891
343 252
369 353
665 268
446 255
181 114
493 192
170 229
578 742
393 66
750 408
403 409
695 670
937 430
729 63
462 871
817 820
856 336
881 121
807 849
920 523
575 501
717 932
95 80
923 106
491 974
878 649
516 116
679 488
465 456
887 325
909 355
178 239
677 135
496 278
283 360
196 991
416 567
435 341
990 225
719 429
539 91
822 942
308 892
883 684
184 834
176 754
429 224
797 365
235 145
771 141
352 403
979 110
413 620
127 788
420 372
344 678
988 151
869 843
851 153
266 801
343 461
471 248
533 877
880 647
872 631
575 63
305 414
862 906
557 168
200 389
318 740
376 981
721 935
760 827
134 10
318 375
820 541
911 454
768 112
788 115
871 315
403 215
167 611
600 979
216 648
566 184
364 512
78 454
171 160
228 471
440 392
548 875
91 841
372 854
326 244
342 186
532 967
542 339
583 893
933 862
125 966
536 904
721 508
541 393
715 154
181 522
499 855
834 292
844 910
431 214
568 392
734 277
89 525
772 242
222 73
649 841
762 962
830 355
433 470
568 375
826 308
334 566
45 577
306 47
348 662
700 483
349 203
921 506
412 903
932 222
553 193
348 773
130 112
52 959
11 735
28 599
784 868
554 763
41 964
927 490
92 433
809 463
79 181
358 873
282 329
447 689
162 291
3 263
186 557
906 674
619 64
836 167
507 695
842 528
573 640
613 467
229 474
819 768
270 160
385 354
495 123
103 142
85 620
210 922
877 512
253 294
950 372
368 528
446 183
595 427
17 917
316 647
336 205
564 365
933 528
942 188
939 131
657 598
978 547
87 385
289 458
511 757
635 129
634 466
548 996
184 335
961 105
897 845
284 250
511 250
498 674
112 669
781 271
875 444
583 903
179 69
130 643
159 931
248 608
446 557
50 490
880 37
814 280
69 303
507 702
951 641
884 676
169 345
302 95
179 912
474 768
24 975
671 663
362 221
37 419
66 639
172 334
802 565
345 902
508 598
608 780
206 149
643 996
710 869
422 925
774 454
760 38
813 100
690 753
908 312
803 466
239 196
745 199
708 477
376 188
751 345
953 274
57 325
935 678
607 901
276 33
975 609
889 736
43 385
871 528
56 907
533 391
972 681
124 695
846 246
321 505
124 490
986 509
915 827
788 43
882 186
114 16
578 643
337 887
885 629
502 730
104 149
968 574
471 597
189 260
716 936
671 329
657 562
674 880
622 42
798 226
649 86
43 835
227 62
873 752
857 155
195 540
605 781
877 40
401 802
523 714
156 913
583 986
506 883
715 162
109 847
347 870
496 412
377 495
875 408
655 366
532 731
455 756
715 384
57 571
19 633
316 461
203 267
72 569
325 169
182 546
336 894
631 669
528 380
784 918
676 140
126 351
970 929
588 624
278 992
687 268
267 369
140 961
748 366
791 929
353 786
139 187
353 157
1 190
573 486
991 811
729 728
931 52
803 722
73 284
680 500
958 735
963 680
21 405
79 387
997 908
68 912
710 611
586 597
327 901
629 593
426 66
580 11
233 864
566 34
536 476
821 400
739 571
958 795
906 190
639 978
858 151
584 451
742 525
341 236
638 626
911 48
255 938
555 106
204 148
872 246
982 111
344 303
17 383
164 762
445 789
943 368
66 196
857 247
126 812
571 929
401 105
791 700
385 590
731 938
322 493
749 466
199 945
868 416
106 715
69 453
937 105
653 925
268 509
142 418
861 986
74 60
224 385
666 728
723 937
687 194
84 117
540 558
897 516
348 802
18 296
657 388
197 67
722 615
828 292
719 194
460 978
387 759
207 30
784 1
732 847
20 563
719 115
392 954
135 162
874 136
567 191
220 10
188 616
814 780
854 841
448 645
659 845
400 536
348 358
168 516
854 952
51 957
984 870
931 161
422 564
560 149
267 767
730 749
809 391
217 952
997 405
510 545
849 233
689 320
342 366
110 250
388 898
150 865
883 453
341 942
12 834
507 410
548 668
273 582
57 95
694 797
13 601
761 860
189 475
562 855
155 727
393 206
30 757
905 991
185 364
96 785
117 617
812 575
88 865
713 902
791 595
977 521
749 37
751 555
496 85
868 501
227 455
959 542
304 792
948 301
638 130
57 644
443 687
781 379
785 120
416 741
306 625
883 877
903 680
601 496
763 969
658 793
970 7
311 285
796 911
329 102
712 545
117 747
866 822
633 33
281 116
214 810
343 754
861 113
185 528
462 36
15 860
533 799
385 71
370 447
480 323
776 784
686 247
963 430
215 293
963 372
521 840
258 638
261 589
466 836
138 408
642 870
693 586
270 693
253 451
224 823
668 792
945 873
655 514
103 577
290 446
20 11
780 771
479 755
397 927
345 406
508 102
45 55
810 632
775 378
816 873
727 280
371 599
138 988
892 51
167 347
960 915
228 347
925 427
639 891
235 609
610 623
38 204
350 818
264 25
583 518
18 969
14 101
717 922
413 252
4 91
264 232
691 259
433 535
86 331
578 147
653 707
369 598
559 233
887 268
765 802
908 919
402 389
344 180
108 181
623 758
39 929
503 692
418 207
255 55
204 759
558 802
230 371
290 534
585 832
889 749
24 976
170 818
232 851
712 605
123 894
110 788
93 90
719 186
336 945
27 628
746 868
853 960
840 481
966 353
501 52
385 50
573 449
408 333
266 791
283 927
693 652
714 361
897 927
770 391
21 15
349 658
263 70
803 469
91 327
988 975
96 407
665 20
884 136
792 948
431 785
196 138
646 796
462 333
618 495
124 372
307 652
508 27
397 244
356 71
873 187
158 213
346 93
254 610
972 825
845 5
938 377
115 280
617 190
377 961
690 818
360 145
380 204
350 524
613 906
526 531
358 799
787 485
76 36
60 673
379 223
781 767
787 82
792 508
27 345
998 990
565 201
770 739
109 189
644 216
259 378
922 550
482 81
122 184
394 779
1 983
551 315
754 389
113 267
701 138
96 571
540 8
763 177
178 201
514 623
677 225
278 276
213 551
619 926
568 304
752 61
787 526
215 775
847 509
44 689
649 733
891 578
965 823
107 83
740 933
838 94
760 502
248 202
698 564
649 719
206 327
832 818
230 121
508 635
427 383
755 682
223 343
337 261
798 410
571 12
422 958
482 335
850 61
577 915
138 449
51 928
54 85
384 65
99 876
798 871
196 238
367 135
884 275
264 518
410 266
73 974
439 651
206 690
670 29
195 447
219 293
754 99
403 42
151 664
284 383
13 663
431 760
489 559
454 555
493 79
949 292
441 844
809 601
242 288
562 771
503 139
658 366
17 382
588 243
991 246
836 827
388 483
706 98
247 134
618 790
821 851
861 646
40 952
238 959
672 45
968 371
625 195
816 551
314 928
633 712
725 24
930 797
765 807
648 405
783 173
909 498
184 725
442 569
671 584
321 588
140 128
456 757
918 499
331 567
634 452
457 917
72 933
961 525
732 840
330 907
823 163
185 763
334 109
940 893
727 583
177 111
253 220
235 433
963 415
918 844
996 676
558 423
500 811
957 133
675 73
931 211
291 375
257 416
353 543
708 391
803 493
492 794
699 204
385 260
9 400
730 746
612 714
564 629
344 124
215 983
187 995
937 861
590 129
439 751
78 341
722 42
67 196
674 100
488 431
565 517
180 493
975 748
682 939
938 305
922 408
960 793
265 41
68 570
307 994
109 466
441 872
247 68
195 697
397 685
950 571
130 1000
114 315
332 454
797 759
599 256
88 866
640 713
180 178
961 45
496 199
612 157
995 239
563 499
749 36
587 457
255 687
381 992
352 902
259 434
649 254
958 368
585 760
530 43
640 535
630 344
244 515
492 841
339 881
508 904
365 573
866 98
403 992
98 472
282 147
744 602
891 972
430 11
782 860
477 52
597 867
212 199
987 843
880 793
910 667
666 428
151 292
45 614
804 18
611 178
274 817
277 382
685 273
323 720
140 906
876 508
549 290
81 121
990 396
866 678
409 404
889 895
83 176
926 660
747 361
966 661
714 370
456 94
769 425
56 932
283 803
413 912
788 332
516 186
632 70
744 300
707 916
584 169
604 52
641 38
632 181
134 101
39 895
817 293
251 737
307 691
436 853
204 281
779 225
817 438
203 979
249 393
404 282
774 61
711 635
742 865
750 487
626 145
73 791
534 996
178 670
887 630
696 799
38 882
928 370
624 513
470 265
200 765
277 907
597 338
941 832
123 471
269 279
234 964
734 725
795 883
771 170
795 402
478 38
460 533
298 456
448 501
510 773
819 230
252 919
537 857
368 188
701 782
633 640
209 940
766 932
896 968
520 152
407 988
176 606
545 571
625 501
329 176
945 292
135 950
357 738
213 526
328 504
525 123
267 343
474 945
681 325
224 168
941 139
876 480
387 644
970 877
457 822
711 510
410 484
323 861
457 903
794 270
279 714
564 920
305 331
680 425
224 869
335 595
214 384
286 13
435 851
860 178
615 218
493 439
384 21
737 441
968 243
459 504
42 672
673 770
447 107
195 450
333 368
815 732
691 930
102 567
752 660
18 456
431 340
233 565
696 827
679 18
959 226
493 908
331 113
818 581
88 858
655 74
948 192
342 851
574 30
904 102
9 838
692 205
52 812
532 630
40 876
203 392
496 414
648 107
373 1000
269 29
330 29
501 84
728 136
156 689
140 270
197 331
640 846
330 108
776 286
390 962
46 160
923 532
212 707
476 261
793 765
914 464
798 558
575 278
13 974
939 244
900 566
408 396
80 921
836 948
946 463
73 32
934 733
116 450
643 803
549 506
568 32
380 702
601 127
223 784
208 480
360 306
837 320
36 481
37 776
42 610
957 871
707 876
820 661
417 142
592 540
77 92
205 103
647 80
81 25
599 827
87 7
287 577
354 658
725 897
85 546
622 379
808 979
608 453
313 175
812 311
467 862
64 144
329 833
632 972
831 122
507 222
789 594
167 354
229 549
583 666
199 141
517 56
347 932
571 931
806 14
347 727
443 327
387 172
445 126
984 240
216 154
697 717
57 331
937 222
630 381
408 812
579 529
734 772
572 638
506 239
331 456
524 569
83 347
429 827
969 350
291 934
753 759
644 866
611 785
188 38
785 188
658 834
435 455
348 828
995 543
248 376
546 803
818 60
603 830
664 682
682 612
244 236
151 368
173 216
692 660
128 999
165 564
373 433
466 245
232 132
949 760
170 550
245 631
528 151
34 320
417 328
328 125
515 403
404 178
23 664
494 969
465 452
29 731
488 867
529 117
718 217
469 618
272 755
484 29
392 504
810 883
12 749
986 256
287 549
350 683
912 336
885 842
816 847
543 756
12 892
591 536
247 470
319 997
217 871
273 725
237 156
883 711
854 469
32 412
911 22
990 757
155 326
981 990
431 509
566 584
627 426
596 763
535 616
645 605
481 741
946 425
678 112
994 445
460 577
688 804
755 324
620 423
607 187
399 979
500 293
687 115
230 762
946 139
527 311
913 978
942 423
567 590
643 6
783 707
754 831
993 477
188 185
335 58
948 867
383 270
934 650
277 381
826 508
542 683
693 6
269 745
169 919
750 73
775 803
832 891
743 111
970 995
415 144
182 165
845 987
629 836
166 962
944 500
55 825
34 356
384 155
102 902
243 38
729 903
327 958
116 847
146 524
185 210
890 777
873 221
394 334
971 358
94 761
224 535
833 639
579 399
467 937
221 241
551 205
205 716
25 731
194 34
164 862
609 789
544 724
393 232
433 811
910 263
235 611
566 421
900 249
350 816
976 399
345 80
385 973
761 600
722 814
924 22
138 655
412 290
472 77
492 112
937 133
544 33
156 831
568 423
36 709
610 830
424 127
944 318
168 100
645 510
39 931
740 572
92 707
439 430
518 791
727 955
715 711
643 98
936 248
629 405
689 126
766 278
474 958
456 413
244 482
149 870
83 222
945 207
824 1000
396 257
230 831
957 608
377 345
599 579
582 279
489 100
516 673
186 76
634 590
229 362
104 698
667 676
119 623
210 329
152 134
200 207
25 996
65 727
103 615
65 17
987 48
660 138
501 844
60 861
977 139
831 240
800 652
242 171
189 400
940 424
156 351
340 186
713 866
437 674
954 636
574 829
612 112
946 700
804 802
824 96
473 118
626 404
437 723
403 351
556 623
291 534
669 904
894 899
268 615
606 509
336 306
165 49
762 807
669 825
907 876
549 835
199 974
91 705
311 560
352 591
169 15
169 438
670 669
930 822
308 582
69 383
987 916
783 386
326 102
473 562
487 961
335 476
84 92
235 24
273 507
771 4
203 363
995 738
227 588
266 580
377 191
537 134
73 86
914 516
828 450
760 504
188 865
500 51
504 54
196 276
253 837
58 998
791 319
27 594
233 297
215 393
201 331
131 528
318 914
799 97
819 607
548 167
625 988
790 432
358 354
223 593
822 161
978 151
462 316
805 215
546 233
98 384
678 303
431 601
935 327
495 444
342 321
510 667
95 523
777 974
798 101
484 50
33 78
215 930
623 863
401 546
509 577
226 601
902 182
764 217
47 970
263 761
158 465
311 961
782 266
752 415
272 413
143 468
147 785
386 555
74 812
66 195
764 302
736 995
787 225
614 964
425 96
202 14
636 848
985 88
610 887
379 327
338 594
193 381
819 33
244 838
878 636
633 703
409 389
429 826
545 625
804 282
75 974
304 556
947 513
254 288
715 318
292 69
554 624
3 138
206 391
101 723
706 599
49 376
712 804
418 687
715 955
791 207
128 577
233 372
430 830
510 104
148 491
629 254
504 449
185 510
439 805
746 973
799 69
747 284
604 419
99 829
906 297
615 285
600 522
340 781
793 820
774 284
997 941
525 582
876 862
646 986
205 10
38 136
372 525
874 759
177 553
513 951
185 38
993 719
760 686
507 415
181 82
111 273
940 481
673 186
86 977
713 681
459 225
27 485
711 439
130 998
592 69
61 798
743 998
998 789
313 533
365 517
117 743
460 94
19 359
147 666
725 73
201 741
454 209
754 459
938 770
278 355
835 456
286 814
88 49
676 402
696 304
606 215
952 922
413 655
293 174
166 436
305 784
841 422
382 774
588 725
184 755
204 780
749 776
317 937
781 90
639 250
325 110
718 719
116 357
598 629
215 383
710 83
857 573
930 617
935 890
992 788
281 121
210 945
674 939
588 77
36 245
956 294
173 76
121 491
90 666
521 822
73 328
805 519
399 431
332 578
867 931
827 412
160 691
694 176
241 568
683 838
958 613
465 176
927 810
286 944
732 402
200 291
55 767
919 906
333 833
495 500
190 322
210 388
618 281
655 956
411 512
546 93
109 291
428 753
35 663
161 426
535 824
167 340
575 43
997 389
621 281
948 329
407 99
102 419
388 22
709 886
820 49
886 750
331 36
248 646
193 27
377 358
584 225
604 984
697 667
950 807
123 751
890 172
862 206
517 273
283 423
800 267
813 523
429 770
840 695
1 539
809 252
64 421
121 52
1000 849
933 3
737 642
918 441
83 112
752 957
13 293
242 950
115 899
255 753
620 840
36 233
384 346
577 539
409 953
457 901
776 783
965 293
803 470
487 545
328 950
145 800
307 3
940 101
7 190
851 535
457 743
833 824
261 319
725 890
896 114
642 618
38 547
423 31
480 575
525 799
124 486
217 700
312 232
115 285
377 966
449 337
266 313
341 867
803 530
418 492
133 23
480 797
411 669
947 639
821 90
683 446
273 668
661 513
720 67
109 348
906 504
584 530
659 32
645 29
756 816
544 352
49 774
622 921
473 230
695 855
476 707
458 370
442 423
134 685
123 354
108 502
491 262
364 8
554 232
792 669
264 278
174 761
602 764
730 425
605 555
203 283
54 707
995 775
744 517
374 448
821 655
553 33
425 694
410 2
549 138
865 352
666 371
794 172
830 550
527 578
452 808
878 818
704 81
983 673
40 313
871 500
421 996
83 253
733 75
920 408
439 192
650 185
745 389
696 591
275 138
505 572
966 723
279 744
631 327
505 941
200 157
385 317
538 877
902 708
651 6
160 763
414 160
417 140
443 308
590 57
257 379
793 345
525 946
413 120
217 623
358 71
205 246
568 199
744 94
894 738
255 880
664 89
42 277
815 754
642 72
265 50
963 935
927 512
252 422
398 502
91 864
219 343
593 422
242 204
151 522
100 242
318 9
216 463
731 304
203 251
872 250
856 543
782 267
711 355
752 400
913 658
248 771
905 220
963 594
735 254
293 87
446 655
565 347
170 693
482 227
726 838
285 644
400 178
199 834
739 473
667 404
356 403
190 515
724 466
192 163
391 509
548 143
126 492
405 289
443 978
671 466
788 766
139 56
343 629
236 747
754 872
719 206
851 440
61 496
175 632
839 545
73 450
37 615
757 424
261 691
499 472
707 671
244 396
157 531
452 177
646 713
533 872
885 389
689 410
195 209
785 655
915 552
110 412
663 618
632 156
171 360
138 115
251 710
940 188
30 76
911 461
489 750
56 839
591 629
719 544
797 502
416 351
9 645
110 105
405 665
959 70
405 795
204 37
703 77
748 554
252 313
713 825
330 671
226 860
806 124
801 334
714 761
565 637
181 740
373 652
156 934
378 242
450 647
490 1000
161 600
959 629
751 567
888 827
960 728
175 107
782 1
216 120
416 650
607 20
386 814
478 216
27 32
605 531
217 338
143 638
317 823
209 982
799 599
50 82
100 276
351 520
961 972
799 484
766 617
474 809
679 894
541 889
377 87
837 194
123 854
878 544
651 386
799 282
547 373
749 903
187 703
161 854
685 159
729 747
126 117
788 728
115 196
546 406
728 557
620 523
881 781
54 97
41 232
920 383
621 835
270 697
111 993
355 702
229 86
195 90
747 537
72 495
403 137
647 410
357 276
888 618
627 492
773 448
243 503
480 899
601 713
910 747
363 778
969 260
220 989
494 164
80 40
851 869
17 537
293 700
973 266
207 858
544 726
265 475
424 997
808 715
701 384
818 604
484 696
66 739
233 708
373 864
890 314
449 176
420 791
447 330
421 58
398 308
316 744
195 837
145 40
988 556
865 633
57 676
560 342
248 613
834 436
864 610
31 588
438 582
495 659
938 630
188 121
909 55
759 659
218 768
938 537
577 335
351 620
357 751
340 275
841 210
311 146
884 720
421 638
225 85
585 213
220 705
172 331
699 637
612 841
429 453
875 797
357 292
236 977
168 561
540 465
384 30
297 851
85 952
927 235
567 16
806 1000
37 785
66 50
703 624
23 706
309 973
390 67
807 406
974 445
595 968
271 885
642 619
699 870
820 978
859 124
350 609
721 115
812 334
190 206
445 316
474 133
293 719
241 150
215 690
636 106
53 275
761 705
273 659
455 99
829 638
706 235
137 188
998 835
588 203
344 708
907 985
160 122
895 626
109 584
127 452
547 586
520 458
630 485
647 979
248 675
943 456
768 567
105 786
179 55
420 779
187 512
630 276
98 189
705 67
632 989
946 367
433 384
127 314
916 775
187 625
596 275
601 387
161 866
184 573
502 421
330 250
439 396
610 963
285 923
580 670
949 608
904 564
409 122
600 355
893 546
912 111
770 69
310 88
462 241
870 210
709 80
103 193
353 689
824 902
873 351
894 39
572 831
385 131
150 397
278 694
565 546
271 683
145 771
440 749
37 821
603 256
867 900
43 329
280 133
9 457
393 874
855 430
180 358
698 487
39 157
976 781
25 631
744 377
472 604
185 121
282 969
787 404
3 335
939 177
484 786
857 472
380 323
755 441
114 275
959 771
906 413
268 950
659 63
19 220
238 976
648 812
705 781
961 443
690 621
776 202
875 401
743 674
250 21
914 162
112 30
113 299
169 105
406 270
691 492
240 133
783 388
217 373
37 34
240 946
832 342
590 50
856 92
340 117
605 447
877 442
933 504
918 260
615 714
211 128
784 650
862 417
631 636
762 253
410 150
49 382
231 82
767 108
408 491
135 776
743 247
525 384
141 439
480 630
224 83
97 366
656 64
487 650
895 803
110 579
404 206
854 834
525 354
799 71
305 263
879 757
295 420
668 898
64 938
142 516
797 295
106 317
289 779
253 58
789 78
612 615
820 628
275 313
320 990
142 523
470 148
590 133
683 357
211 888
674 72
190 134
1000 14
375 158
933 614
130 885
789 514
138 855
797 23
467 748
947 694
307 791
181 882
76 104
939 298
377 735
251 242
622 999
554 399
777 420
282 586
246 395
194 366
820 462
170 897
316 829
231 434
268 696
821 548
549 248
94 126
408 779
961 161
501 152
782 945
753 775
183 700
311 491
536 731
353 145
64 44
526 442
912 378
363 24
491 239
697 968
131 942
687 237
601 356
326 772
805 850
679 889
594 551
996 919
244 860
481 166
727 769
509 368
625 559
797 883
120 977
390 679
430 856
289 580
384 368
188 922
542 569
999 450
132 901
336 744
654 858
987 267
970 599
864 62
24 437
832 540
486 509
423 484
986 368
501 241
590 118
721 901
850 803
447 115
262 608
147 143
954 773
259 841
828 814
480 900
66 325
599 109
46 855
604 965
308 186
511 722
781 837
947 613
674 247
177 821
125 599
826 426
260 436
243 532
604 747
881 426
934 444
592 35
939 278
104 349
801 361
441 618
467 600
22 330
319 585
783 222
152 866
657 251
584 805
95 295
279 60
961 141
504 976
143 605
244 914
960 451
816 284
905 582
11 531
931 706
718 702
455 556
629 481
520 875
758 143
745 764
227 597
67 776
784 928
988 384
917 652
844 391
580 298
804 50
291 65
912 517
165 975
991 940
305 109
288 925
642 36
23 596
331 977
996 745
452 123
823 20
951 67
224 906
934 964
229 407
802 785
340 976
326 650
789 21
42 906
149 182
280 59
758 762
708 475
771 555
86 595
508 161
915 611
661 75
563 316
594 478
355 558
926 33
640 218
740 314
583 961
276 158
727 79
893 163
989 752
201 707
218 28
401 468
242 166
423 895
815 585
928 291
837 829
660 858
754 77
759 508
47 928
423 478
964 688
359 283
796 409
303 251
161 662
518 682
80 450
977 596
669 822
469 336
654 20
904 909
93 491
175 34
787 932
37 13
886 50
264 487
799 665
875 303
549 930
515 878
511 43
511 75
961 794
836 658
896 839
145 309
199 638
771 9
908 150
14 561
272 176
255 167
457 477
942 77
49 418
849 571
831 895
861 998
47 501
837 42
624 425
552 406
970 653
148 321
857 825
595 24
926 720
653 392
638 222
505 962
287 926
234 562
110 535
888 125
582 385
529 523
110 390
628 71
547 878
171 270
615 331
530 971
822 35
272 651
885 705
134 33
314 490
409 550
51 837
159 630
368 975
741 2
651 998
781 939
985 624
458 720
276 801
892 1
659 352
643 807
138 527
826 499
539 758
904 345
816 645
488 342
587 706
458 434
848 246
7 753
781 542
618 896
947 714
207 133
792 477
413 449
658 506
11 745
769 819
165 154
991 2
908 232
834 219
339 747
53 137
532 534
202 145
627 912
595 708
369 685
813 943
796 131
322 534
51 76
469 485
622 661
773 765
254 352
264 387
818 982
451 771
468 522
269 910
2 267
387 479
193 412
866 957
975 205
136 556
413 756
784 1000
699 263
348 943
12 377
407 742
464 380
987 512
552 483
839 634
477 250
137 867
559 736
926 701
159 22
823 47
19 39
404 207
154 946
215 287
92 202
25 135
559 966
964 22
177 332
15 612
586 992
716 951
25 816
246 802
870 424
319 178
157 307
819 858
881 577
573 357
755 88
224 656
741 469
579 262
599 987
371 309
130 633
495 322
741 38
542 41
839 517
531 728
698 363
310 637
632 491
225 939
962 164
411 726
90 27
19 29
591 661
628 366
542 459
873 912
360 893
221 932
77 640
961 277
851 937
265 270
605 990
397 313
934 480
740 343
818 521
242 570
308 283
256 886
351 199
647 794
93 396
402 435
813 915
872 925
887 294
464 888
602 690
257 569
918 180
761 275
905 553
134 917
784 822
969 382
1 572
164 216
738 37
605 783
433 169
442 329
371 421
614 547
600 173
488 647
491 780
510 56
348 947
404 909
171 906
839 440
984 699
604 380
116 6
233 230
340 590
534 450
846 336
408 230
266 204
654 859
770 300
241 684
239 169
793 14
703 606
762 18
894 463
197 613
347 24
974 423
324 376
848 370
385 404
461 129
890 789
47 165
812 187
746 337
584 396
893 158
475 877
764 173
540 638
557 568
372 770
439 731
543 613
322 107
181 804
133 65
834 974
136 347
411 976
618 984
824 55
643 541
551 444
420 898
972 215
829 314
759 57
411 65
624 740
274 315
23 340
339 675
411 254
552 621
360 201
400 365
280 75
537 860
57 682
979 499
799 676
457 751
676 433
607 155
956 897
302 247
395 947
17 133
202 395
495 514
867 439
836 718
430 155
123 903
480 168
540 486
979 190
881 617
157 774
107 395
823 369
330 422
724 234
841 50
951 45
791 589
128 368
234 173
471 200
988 86
206 15
870 22
229 406
391 907
504 363
654 823
348 292
385 214
208 415
817 437
650 45
94 959
720 506
793 322
389 375
410 818
603 343
345 587
542 288
25 921
815 874
119 393
836 311
51 665
747 660
364 362
716 733
94 729
829 922
332 214
404 315
560 433
579 111
711 602
432 516
877 878
298 85
831 77
183 649
861 589
547 538
19 85
241 101
811 401
668 279
212 610
235 579
684 998
43 300
913 890
610 525
296 477
739 883
54 604
193 630
251 189
75 107
653 656
30 707
247 480
558 759
407 25
134 819
751 917
951 988
888 996
503 780
190 618
782 878
913 13
383 31
742 285
34 214
386 903
923 212
781 14
254 264
715 278
610 32
22 146
280 557
153 801
705 284
124 780
196 641
567 918
182 468
754 835
351 723
942 82
272 192
755 515
25 392
172 297
524 86
136 879
504 425
516 754
276 383
81 993
707 565
301 220
512 549
722 206
202 611
618 43
750 612
400 578
295 275
43 314
119 591
254 934
935 323
148 23
959 329
466 590
508 550
295 113
48 306
582 819
697 171
989 723
426 115
564 445
433 917
803 563
734 997
749 891
560 300
247 126
109 121
722 706
789 605
260 397
8 510
962 99
412 64
753 174
171 751
331 16
830 58
777 398
838 609
605 874
587 291
326 277
832 394
320 350
377 291
576 666
848 932
278 347
374 432
620 440
621 145
457 292
844 688
188 76
268 500
783 567
967 314
861 979
662 684
305 889
269 798
328 422
588 572
187 381
480 225
980 182
451 544
487 422
127 911
239 577
742 344
410 263
512 995
799 65
631 118
578 126
22 408
392 929
147 877
874 243
190 872
179 751
920 503
22 267
304 108
529 613
261 631
737 282
978 228
546 480
840 29
810 176
20 911
628 164
781 470
30 32
267 862
817 997
515 509
935 359
292 763
885 676
869 239
615 511
30 435
234 299
932 939
145 778
186 580
336 217
318 550
32 290
674 209
579 600
660 940
312 18
764 594
886 524
265 444
216 430
913 504
821 159
148 978
433 659
588 13
848 866
482 416
877 233
203 454
645 227
494 715
226 957
743 704
784 521
714 966
74 377
93 395
844 325
563 151
584 2
697 605
992 680
826 955
562 357
140 211
201 971
952 525
93 173
115 653
956 109
891 512
917 630
404 543
25 294
316 355
654 399
888 361
101 580
671 840
563 851
16 254
58 265
996 759
23 981
338 9
930 72
515 357
129 34
229 369
671 110
672 856
306 762
182 41
220 404
794 353
807 495
811 1000
669 458
674 416
582 601
877 615
381 376
366 148
539 994
828 953
703 831
501 805
357 511
896 25
381 489
11 565
167 114
501 740
48 762
964 440
786 584
706 69
995 675
998 715
488 256
677 690
596 838
479 194
673 459
748 521
753 594
840 736
956 606
960 537
27 370
344 494
199 80
735 162
12 115
446 763
622 880
311 555
278 400
902 702
796 85
890 168
621 200
142 323
274 751
277 728
353 322
615 558
85 407
107 223
472 368
273 424
183 642
386 928
762 81
925 921
732 633
844 591
429 202
126 299
218 958
222 990
335 229
463 464
947 415
861 61
440 775
554 711
495 995
279 482
675 297
489 222
220 90
493 45
119 836
319 390
637 647
710 861
642 213
220 457
467 715
23 622
751 496
879 303
375 540
696 979
474 511
670 285
561 237
85 679
712 649
76 494
518 221
573 926
613 209
827 149
543 314
310 699
255 856
551 799
462 630
195 345
930 284
952 316
274 50
856 920
851 901
735 480
699 694
246 727
502 845
375 497
921 973
117 554
482 505
943 356
986 868
757 634
761 639
142 990
29 405
820 384
415 620
914 189
123 449
701 131
153 661
316 231
373 707
482 219
943 442
41 371
951 991
610 223
701 244
792 784
922 707
355 424
878 339
981 356
984 56
610 78
904 729
247 767
909 88
913 925
696 12
628 542
667 170
597 805
233 498
586 54
918 89
222 954
390 742
27 696
785 500
861 1
90 687
288 955
128 896
81 992
478 866
137 982
604 468
456 156
977 302
860 39
944 433
998 196
505 374
831 603
646 864
812 120
712 60
383 769
777 608
92 796
744 493
172 878
923 942
29 787
34 907
481 760
591 413
258 835
152 450
742 987
946 1000
967 578
289 63
492 610
163 706
682 958
523 290
372 724
618 748
820 800
837 910
894 625
165 469
682 833
475 709
367 979
960 931
6 271
320 514
854 451
344 48
146 386
424 736
904 298
834 55
215 524
717 379
556 584
2 608
209 115
571 953
91 691
350 156
47 164
322 485
643 485
183 548
608 737
805 89
574 286
478 371
406 508
381 331
670 781
182 663
572 299
773 524
118 805
301 379
504 889
965 788
330 285
738 142
758 245
351 673
653 119
909 205
13 280
75 547
166 766
335 221
118 711
382 88
438 222
472 377
173 99
447 644
712 747
793 110
701 589
874 3
483 426
487 532
93 701
816 136
873 457
175 971
292 661
354 878
872 655
263 276
608 153
534 753
404 414
280 228
319 13
416 484
574 525
389 479
854 269
410 922
985 594
281 742
273 574
988 579
781 862
712 389
507 3
659 382
299 383
742 545
587 833
136 80
194 506
498 174
218 500
790 822
259 298
276 660
977 513
126 880
507 990
754 373
761 567
925 658
992 749
60 309
537 530
643 366
701 60
463 217
247 566
268 409
74 88
956 110
321 545
273 454
2 156
22 91
73 79
407 663
157 800
927 332
378 549
152 703
257 842
116 401
50 771
475 306
595 101
771 795
154 869
729 751
162 312
58 505
665 151
349 646
245 597
638 20
906 109
107 604
408 23
390 91
928 862
291 74
641 63
271 748
776 569
573 776
320 910
720 66
472 761
973 83
976 825
277 163
924 569
944 167
788 24
938 985
833 625
155 621
318 491
546 86
786 585
199 412
243 616
450 82
566 268
414 553
221 949
772 315
194 431
468 690
270 104
734 589
403 329
781 548
448 532
677 403
109 209
443 209
699 438
482 69
230 815
344 414
201 571
164 393
806 72
131 320
80 616
632 965
344 13
145 44
454 54
202 215
222 18
887 95
190 588
32 890
896 975
454 65
738 84
465 920
410 43
528 762
305 823
213 934
880 173
539 26
758 130
634 404
482 905
766 649
343 584
328 511
236 664
58 712
168 136
336 794
297 548
580 565
482 632
164 592
196 318
93 82
989 1000
694 452
182 232
185 564
484 448
214 697
340 620
513 310
770 415
419 375
371 78
673 584
945 931
488 786
544 478
242 737
59 829
922 501
137 667
194 604
102 893
196 242
736 11
383 876
629 580
741 410
45 403
30 121
72 271
494 106
12 691
842 878
111 231
665 687
865 534
873 844
450 7
242 165
781 277
78 83
285 887
554 288
403 500
282 751
906 485
471 989
717 805
187 806
242 391
201 582
825 74
14 504
342 965
218 607
78 963
31 671
415 764
358 740
724 340
373 98
191 817
326 88
320 671
679 732
3 7
888 597
762 114
487 47
317 958
11 641
701 838
23 830
746 817
49 423
801 912
922 340
469 770
914 657
383 716
503 741
685 338
89 791
272 337
594 780
870 161
67 660
777 953
966 724
383 546
665 79
940 951
816 237
870 48
135 219
362 875
860 254
382 366
663 605
498 411
723 302
629 765
564 746
638 959
31 279
642 984
883 52
901 701
149 312
583 175
940 213
688 6
318 321
644 852
48 421
593 238
987 18
695 349
509 746
800 575
736 622
454 656
293 542
613 69
975 866
869 427
816 809
482 989
454 547
909 466
61 643
670 295
801 52
964 512
795 423
630 571
58 627
691 677
673 498
947 719
394 757
783 125
575 511
209 690
504 702
910 112
804 979
56 347
635 49
193 198
378 74
752 371
662 576
451 887
294 727
575 546
210 530
355 455
249 72
940 28
948 624
467 886
866 969
957 510
418 651
64 115
157 938
66 641
213 606
254 298
130 98
622 313
754 869
978 305
547 348
343 737
76 796
917 306
102 72
250 695
254 151
185 620
96 17
462 64
837 412
784 280
766 306
447 357
181 265
756 403
850 936
63 853
396 948
737 506
99 513
580 80
674 13
566 7
660 72
60 940
669 262
797 497
859 184
698 374
39 18
721 191
740 237
870 306
873 772
459 231
756 599
151 549
190 21
319 883
912 803
51 497
623 289
458 469
385 841
192 681
725 369
858 335
764 473
271 365
528 866
213 62
910 76
35 818
951 913
917 801
937 35
157 597
706 352
988 100
717 672
922 824
26 373
9 609
619 862
931 554
934 931
154 465
762 170
235 230
382 496
679 330
371 422
316 381
671 677
412 776
607 471
809 420
633 40
689 846
603 896
970 881
510 142
612 850
318 989
762 511
713 209
785 588
755 874
426 610
392 814
979 882
529 583
362 784
954 188
441 359
461 92
395 465
580 150
160 713
486 497
390 414
272 583
141 685
609 354
2 624
99 940
955 210
626 935
219 71
108 997
651 978
210 375
648 684
367 820
600 953
74 884
807 92
868 94
685 512
156 370
105 398
158 384
952 401
345 83
683 99
762 552
247 32
589 441
311 775
611 261
591 795
510 450
246 376
356 488
514 894
821 866
493 817
921 864
494 634
448 350
793 505
877 314
203 195
41 449
44 928
800 146
583 121
155 17
296 175
943 104
23 454
709 547
31 587
992 633
295 966
701 95
79 863
799 566
247 533
140 241
383 501
28 542
321 524
698 19
164 78
296 862
559 327
118 669
157 771
875 181
718 604
542 654
10 551
743 59
67 554
859 518
453 313
560 921
194 699
488 900
720 828
861 477
332 850
665 114
709 153
34 131
841 785
237 648
285 105
595 862
63 796
562 265
31 306
973 97
641 26
433 219
183 407
721 852
524 497
447 2
87 123
345 584
592 711
721 997
975 536
445 573
29 958
360 11
57 45
756 745
351 311
114 851
263 637
565 909
488 495
151 764
647 667
778 326
798 797
630 802
223 158
260 404
407 455
190 45
860 893
330 720
710 230
626 374
66 246
215 857
365 330
481 796
670 629
434 197
87 669
533 308
829 460
667 273
93 311
118 61
389 635
429 958
782 962
60 484
364 149
365 620
297 212
13 16
43 72
734 106
991 345
633 789
275 67
36 966
59 303
576 4
244 865
14 985
606 954
303 680
676 182
364 458
724 154
227 962
718 440
173 125
945 236
33 938
475 381
591 91
738 445
22 354
980 482
858 694
93 855
637 576
766 102
824 745
396 514
239 226
327 17
732 417
881 601
384 969
148 18
698 964
907 487
871 558
622 400
453 849
517 620
789 791
523 215
708 217
689 884
5 169
835 214
854 342
587 617
492 499
790 974
592 961
994 621
674 886
280 471
682 176
912 824
751 827
83 807
648 515
131 509
721 397
170 413
35 793
329 564
290 786
886 880
924 85
675 841
531 237
124 513
112 19
19 449
372 141
373 980
250 129
838 262
804 690
821 636
236 428
708 295
409 398
744 615
95 392
64 116
691 145
118 504
982 912
452 763
1 581
644 761
800 997
192 296
656 167
213 718
895 38
866 808
585 144
760 138
746 933
681 534
244 455
847 161
409 891
471 141
559 962
48 100
272 604
458 911
591 715
901 527
388 598
778 218
525 639
238 458
58 180
336 446
816 1000
237 882
293 928
711 134
119 370
946 906
755 378
773 359
422 415
406 880
578 705
66 493
216 514
512 255
566 294
647 739
739 718
584 705
610 577
817 234
242 381
651 629
545 234
17 337
734 742
833 215
743 876
726 922
500 709
260 130
984 212
657 786
415 550
929 331
112 63
60 311
776 224
579 757
283 464
605 621
917 913
793 611
813 544
579 642
619 849
913 970
577 357
121 33
66 738
681 878
605 271
770 228
643 14
58 562
244 857
49 413
31 773
892 937
658 561
988 296
607 470
610 342
719 168
371 342
814 84
875 934
185 422
363 103
222 515
667 946
3 861
781 661
446 1000
607 756
385 93
386 398
775 936
484 445
694 280
453 614
770 296
112 808
638 101
458 931
772 918
689 555
686 479
450 287
717 507
501 880
122 647
590 234
643 978
807 95
96 745
705 573
835 174
581 219
711 515
214 57
347 472
117 34
857 283
610 613
807 957
74 804
619 224
878 370
701 267
557 871
869 597
619 654
420 402
838 684
919 822
623 538
293 105
948 236
467 50
956 814
994 89
249 150
835 891
710 261
676 445
344 935
24 828
724 417
926 829
396 68
823 431
442 390
148 607
575 970
210 791
804 424
418 639
633 90
481 197
682 150
943 999
710 950
491 48
898 36
365 971
629 14
300 782
192 399
267 479
842 345
609 50
936 798
561 439
528 184
511 613
496 868
998 223
357 173
174 493
20 979
46 555
214 409
784 496
806 893
978 272
898 616
337 66
210 464
893 205
872 189
846 253
133 894
251 885
90 189
271 992
555 349
812 324
895 707
393 82
357 353
789 611
450 603
860 600
664 499
114 406
902 861
742 540
751 806
664 354
961 262
134 634
981 813
74 587
237 493
846 697
100 827
598 46
531 99
861 696
536 971
576 520
95 96
922 556
576 646
142 179
532 639
496 407
313 711
925 600
570 626
712 779
239 986
4 327
79 653
126 616
164 141
112 214
130 493
938 596
297 356
245 38
933 883
175 271
641 927
344 777
257 918
960 83
712 532
880 858
933 288
774 748
426 886
244 145
69 42
40 288
595 430
465 309
27 554
102 162
177 121
505 596
610 637
895 355
932 511
805 631
954 275
239 271
5 972
940 802
101 490
819 935
162 382
534 398
812 228
172 90
121 533
875 652
324 414
392 630
85 61
976 884
30 982
263 322
447 33
312 284
294 476
342 456
659 502
661 332
55 941
539 860
63 102
13 653
215 811
130 875
458 556
789 744
319 335
207 875
278 444
412 45
622 98
968 581
551 98
368 305
711 344
179 379
237 465
203 65
919 399
138 764
730 370
344 425
666 922
494 563
244 642
17 699
568 504
473 884
2 482
362 651
921 712
903 808
784 688
514 585
326 584
757 893
530 70
504 781
816 7
378 810
677 28
382 786
734 71
296 139
95 395
433 128
862 427
922 964
842 191
770 176
426 874
471 497
356 887
68 315
875 289
990 414
870 240
914 770
85 905
818 486
487 529
897 989
183 312
802 60
371 8
455 637
907 36
871 879
12 384
987 338
489 751
916 222
475 102
422 547
833 840
940 36
343 39
955 417
52 395
744 347
147 379
181 90
129 567
332 26
99 737
870 569
85 446
530 605
638 522
475 546
259 625
406 992
578 369
942 790
749 248
397 675
430 110
223 209
207 764
62 209
601 769
198 876
900 157
403 671
632 829
467 464
393 469
89 70
696 218
929 90
536 515
95 184
748 506
762 871
209 813
781 287
175 112
412 326
482 940
218 533
344 976
921 676
117 257
190 599
636 995
808 274
584 294
757 849
978 898
452 788
296 981
820 471
319 996
726 583
602 977
913 858
398 674
866 858
943 962
68 392
857 517
876 359
399 864
187 10
421 543
541 995
505 675
73 487
441 395
11 937
737 201
131 592
328 898
515 502
864 52
77 313
785 876
458 928
556 169
78 157
466 899
68 979
15 756
453 647
368 957
39 210
738 823
905 34
794 581
85 624
91 131
717 75
518 132
82 578
711 621
380 980
368 293
941 916
252 485
454 617
366 357
350 942
646 363
707 363
449 111
952 378
947 777
949 347
476 759
682 38
591 906
481 687
959 982
193 19
982 285
765 899
161 637
610 836
57 572
166 238
494 747
425 928
759 165
378 896
708 318
446 365
411 354
206 249
970 223
973 984
780 332
123 557
202 436
956 13
204 746
170 918
653 43
1000 857
250 408
144 5
608 570
844 986
442 374
951 781
889 199
126 190
388 859
884 846
560 524
172 322
887 837
521 951
79 157
228 633
928 927
267 47
551 727
988 83
92 24
438 52
300 45
284 938
68 17
340 990
110 492
491 666
989 439
632 108
171 280
154 614
138 419
513 169
430 715
508 191
474 507
989 552
628 152
480 600
73 991
185 245
588 397
575 145
208 65
411 740
945 620
626 171
203 838
95 828
558 331
134 488
69 913
77 197
184 25
475 618
139 881
242 307
1 797
962 24
273 16
956 638
522 720
341 62
126 828
937 351
739 199
545 770
873 653
910 10
715 94
623 569
860 925
277 663
44 902
743 516
669 673
657 217
877 318
681 211
465 872
173 439
486 710
201 822
952 602
350 337
79 829
390 952
546 930
528 729
571 605
623 908
718 668
115 585
116 310
861 906
598 602
784 898
623 735
93 2
330 372
631 518
926 568
304 359
516 616
349 297
323 658
305 131
760 223
867 773
712 834
529 636
871 466
110 537
647 164
760 78
98 845
814 879
860 249
606 525
899 63
141 848
327 633
110 379
707 231
522 176
689 599
318 471
636 310
214 132
569 379
218 75
525 169
88 990
204 426
501 728
234 721
255 59
397 928
747 917
234 864
164 671
221 858
94 472
220 819
460 226
176 413
624 579
345 102
533 276
517 46
367 701
759 79
355 157
1000 326
678 81
28 537
280 572
507 935
218 574
165 21
94 133
259 464
559 197
743 552
433 421
967 416
680 866
697 580
737 631
421 332
49 661
156 751
912 277
362 468
934 954
294 549
634 88
248 275
283 276
487 76
67 897
211 118
267 258
737 962
529 146
150 215
256 479
137 788
101 555
227 992
609 999
527 735
954 325
311 64
232 863
685 179
671 992
927 394
197 873
897 931
510 224
724 926
304 97
628 50
941 491
814 651
929 483
823 971
241 523
737 398
538 841
887 247
134 116
120 376
825 803
932 577
203 595
8 579
318 352
64 847
765 457
422 258
411 575
251 828
859 189
91 215
953 48
441 772
152 337
213 360
716 369
189 495
299 371
962 209
402 120
97 737
821 956
651 618
792 686
796 78
137 957
464 894
448 19
800 248
469 387
2 374
259 93
856 729
772 668
537 612
350 297
151 456
689 609
616 671
818 71
734 179
516 258
10 703
690 13
230 466
747 68
272 254
625 544
537 646
349 480
443 103
619 14
219 924
239 465
650 638
906 708
943 547
603 562
305 203
34 267
718 353
354 166
633 271
564 911
853 786
33 705
571 65
742 42
300 473
618 108
751 328
203 750
116 849
337 100
976 550
845 132
497 798
647 402
46 739
195 467
198 822
234 631
486 926
381 484
56 292
584 257
470 959
217 728
327 359
882 26
88 674
591 710
316 660
152 685
686 814
247 396
553 999
829 594
136 225
962 53
270 696
252 341
131 422
955 904
207 723
526 861
543 897
472 168
497 299
886 783
703 335
549 853
724 610
645 194
922 633
27 151
528 976
922 744
524 612
264 498
374 509
857 981
549 951
473 988
165 958
519 803
79 697
843 311
408 524
979 215
482 901
466 510
374 671
179 349
752 204
936 226
630 230
11 758
874 274
68 493
31 570
680 231
481 445
757 455
667 995
906 617
286 463
968 290
332 697
885 291
617 733
500 967
49 153
12 363
185 937
42 994
512 449
405 180
23 613
429 334
181 477
595 867
888 215
228 856
500 741
47 469
628 153
833 823
484 177
169 671
793 501
703 862
426 246
